0000000000000000000000000000000000000000
0000000S000000000T000000000000S000000000
0000000000000000000000000000000000000000
0000000000000000000000000000000000000000
0000000000000000000000000000000000000000
K00000000000000000000000000000000000000K
0000000000000000000000000000000000000000
000000000000000E000E000E0000000000000000
0000000000000000000000000000000000000000
0000000H000000000000000000000H0000000000
0000000000000000000000000000000000000000
0000000000000000000000000000000000000000
0000000000000000000000000000000000000000
000000000000000K000000000K00000000000000
0000000000000000000000000000000000000000
0000000000000000000000000000000000000000
0000000000000000000000000000000000000000
0000000000000000000000000000000000000000
0000000000000000000000000000000000000000
0000000000000000000000000000000000000000
0000000000000000000000000000000000000000
0000000000000000000000000000000000000000
0000000000000000000000000000000000000000
00000000P0000000000000000000000000000000
0000000000000000000000000000000000000000