00000000000000000000000000000000000000
00000000000000000000000000000000000000
00000000000000000000000000000000000000
00S000000000S00000000000000000000S0000
00000000000000000000000000000000000000
00000000000000000000000000000000000000
00000000000000000000000000000000000000
00000000000000000000000000000000000000
00000000000000000000000000000000000000
00000000000000000000000000000000000000
33333330022022002202202220222022200222
30000000000000000000000000000000000000
300P0000000000000000000000000000000000
30000000000000000000000000000000000000
33333330000000000000000000000000000000
00000000000000000000000000000000000000
00000000000000000000000000000000000000
00000000000000000000000000000000000000
00000000000000000000000000000000000000
00000000000000000000000000000000000000
00000000000000000000000000000000000000
00000000000000000000000000000000000000
00000000000000000000000000000000000000
00000000000000000000000000000000000000
00000000000000000000000000000000000000